-0.0314231695950473
0.24033750787787
-0.0718263962664052
-0.176061096299354
-0.112528117439777
-0.0719540565751507
0.131022397725383
0.0451898452823216
0.0152177407022958
0.0653370782776796
-0.0947335538532434
-0.107108625255854
-0.0176059370026122
0.18720502082969
-0.051033837959979
0.143889044179818
0.115317095394243
-0.0154839763581243
-0.0259905520270048
0.0471366770862134
0.0248879936722521
0.230025878815602
0.0344073579298853
-0.14977663208912
-0.0587584331656753
-0.0584692792652973
-0.112059903480219
0.0492051719836062
0.123261627068733
0.0518842098779888
0.1665328995338
0.0152174288199803
0.133300883206998
-0.0113126359790243
0.0290792861861566
-0.0561038601734022
0.0966203293297022
0.10207828051247
0.120339741434034
0.0152506687024847
0.0918590552869487
-0.00294729369870908
-0.0277222037705809
0.00384320982569172
0.228706044905852
0.0201850104967632
0.096792349861688
-0.143064708993848
0.137684115275439
0.125299065177703
0.00735610278353549
0.0342871070971998
-0.032530278567383
0.0251770406390062
-0.130422837507682
-0.036656977789956
-0.0913106161442839
0.00017302910206193
-0.0904831806133425
-0.0600763543165021
-0.0404623583651212
-0.0559421859067557
-0.0808475942596467
0.129278393832608
0.0784162681224908
0.0477209271102288
-0.0631087892073869
-0.0664912375609865
0.0195114655276848
0.0480735637934135
0.0905970450450678
0.156722441421835
0.12909991406467
-0.207187111193357
0.0799684846905816
-0.0741964234981597
-0.136326579874712
0.00530807295372294
0.114054480075416
0.0308584546329438
0.0135769024129123
-0.0641942997021345
-0.0199823788162071
0.0338875159001664
-0.0973982804342531
0.109518094424807
-0.00778631367188005
0.25029410662845
0.0887986623066348
0.120364853378454
0.0645556474110253
-0.0252343715650201
-0.09606914336177
0.01667402625366
-0.00753811798110218
0.0691723243269526
-0.0902702345133841
-0.0594767609489037
-0.105155275300419
-0.00657240627252643
3.11117914729052
3.00775964637629
3.08050639988845
2.92896590590241
3.04681765682014
3.02765562866003
2.97353666426267
2.94074359740753
3.08596467568853
2.96583224912634
3.09674123651917
2.99757796334721
3.10127569673689
2.95134745313836
2.93566770444846
2.91277540268729
3.08562587345282
3.12930907610449
2.79560174132865
3.00196294046711
2.89869203699916
3.21149762315428
2.98712525014886
3.11482735112198
2.95039215260401
2.88270978748544
2.98776917487622
2.79694672332548
2.94426287764496
2.95215805009811
3.08403500292575
2.96685009978477
2.88596589731789
3.08357257590483
2.98004860557866
3.00162618602937
2.77622642890647
2.95354483746444
3.04898840445463
3.08543426197025
3.13760335864939
3.03697968154703
3.09714819350151
3.15274497022072
3.06535210078286
2.91613465327813
2.98949570316555
2.99981466754954
3.01850063549109
2.94988855952631
2.98767422043626
3.04900809654091
2.97137623800563
3.12824294776851
3.02986520707405
3.00587073019336
3.00099432812214
3.0245159909187
3.01232041241429
3.00583786992472
3.09989037223265
3.02399676421065
3.01692012451357
2.95227947205366
3.08782777138785
3.06247718799759
2.93930524814981
2.93882091049087
3.0324869161888
3.03799597982367
2.87537384741831
2.98965117393615
3.05246505255496
2.92821740823162
2.94227673991869
2.78246531410975
2.80577562333774
3.0582010021959
2.99885534695611
2.84360466254002
2.90092081678239
2.94600636912017
2.94429524392945
2.97927682007542
3.00499893110828
3.07099064716195
2.95336384416836
2.94547526512473
2.82619481706596
3.23541377262684
2.98539794523242
2.89964494551148
2.96405353869668
3.01772763935681
3.12939256788726
2.87135438109095
2.98100601215579
3.14889218772097
2.96872809938097
3.03662183620361
-0.0905548239320054
-0.0629819009223943
-0.012061213923228
-0.014107026645056
0.244457723195091
0.0976870040162383
-0.118505854533767
-0.224467844972004
-0.0776059430079541
0.0772828889747319
-0.0673688759657808
0.055985560573852
-0.0620914827196065
0.0418388113965874
0.0829176265520802
0.09420897044863
-0.00331372017932702
-0.0212648314911584
-0.0751997372990784
0.129959437532023
-0.1634968584212
-0.0263542204141535
0.147481395808863
-0.103532535944494
0.0538474021818187
0.0956125822764503
-0.111864630631875
-0.0221450190920828
0.0795087590868687
0.0209188892714766
0.0197063884216623
0.0378478554176992
0.0485975102319943
0.0580475890713822
0.0145013031345075
0.00430139923344472
-0.0649719215816787
0.0718893922424659
-0.0243631315925202
0.0374050121066026
-0.145005729595262
-0.0334035287022568
0.0909544674209503
0.0364470375894043
0.104508196309086
-0.0749621323955071
0.0928107071992862
-0.0585700366211014
-0.123743562767829
-0.0534293564933369
-0.0911245922214742
-0.0284749240910584
-0.0664263336053009
-0.0575673657069167
0.181015521658099
0.0920616046022906
-0.0578379302492624
0.0612266516963624
0.0900179786049021
0.0620776381774019
0.0243158918192402
-0.00671563802689954
-0.185076662761624
0.0409845864464213
0.207856709547552
-0.057759405259355
-0.0243756709058638
-0.198216843782218
-0.0754400608839351
-0.141036532157525
-0.0199326339950546
-0.181994486337359
-0.0286965968224658
-0.0232718287425105
-0.168067045177064
0.0732615330080467
0.143176452317382
-0.029573144514668
-0.0013457300539845
0.0142768471054265
0.0792900473020813
0.249717472378496
-0.0317537106349699
-0.0463409664709057
0.00611150892956722
-0.177669655390078
-0.0505071981162445
0.0267211262427307
0.00082701739128578
-0.0579561938256761
-0.138588890414153
-0.0712283626543996
0.0841823757056849
0.176047184947849
0.0837003118521639
-0.0995099556511228
0.13300776394176
-0.0158866653785022
0.0122876417838631
-0.13396470418151
