-0.314231695950473
2.4033750787787
-0.718263962664052
-1.76061096299354
-1.12528117439777
-0.719540565751507
1.31022397725383
0.451898452823216
0.152177407022958
0.653370782776796
-0.947335538532434
-1.07108625255854
-0.176059370026122
1.8720502082969
-0.51033837959979
1.43889044179818
1.15317095394243
-0.154839763581243
-0.259905520270048
0.471366770862134
0.248879936722521
2.30025878815602
0.344073579298853
-1.4977663208912
-0.587584331656753
-0.584692792652973
-1.12059903480219
0.492051719836062
1.23261627068733
0.518842098779888
1.665328995338
0.152174288199803
1.33300883206998
-0.113126359790243
0.290792861861566
-0.561038601734022
0.966203293297022
1.0207828051247
1.20339741434034
0.152506687024847
0.918590552869487
-0.0294729369870908
-0.277222037705809
0.0384320982569172
2.28706044905852
0.201850104967632
0.96792349861688
-1.43064708993848
1.37684115275439
1.25299065177703
0.0735610278353549
0.342871070971998
-0.32530278567383
0.251770406390062
-1.30422837507682
-0.36656977789956
-0.913106161442839
0.0017302910206193
-0.904831806133425
-0.600763543165021
-0.404623583651212
-0.559421859067557
-0.808475942596467
1.29278393832608
0.784162681224908
0.477209271102288
-0.631087892073869
-0.664912375609865
0.195114655276848
0.480735637934135
0.905970450450678
1.56722441421835
1.2909991406467
-2.07187111193357
0.799684846905816
-0.741964234981597
-1.36326579874712
0.0530807295372294
1.14054480075416
0.308584546329438
0.135769024129123
-0.641942997021345
-0.199823788162071
0.338875159001664
-0.973982804342531
1.09518094424807
-0.0778631367188004
2.5029410662845
0.887986623066348
1.20364853378454
0.645556474110253
-0.252343715650201
-0.9606914336177
0.1667402625366
-0.0753811798110218
0.691723243269526
-0.902702345133841
-0.594767609489037
-1.05155275300419
-0.0657240627252643
4.11179147290517
3.07759646376295
3.80506399888452
2.28965905902415
3.46817656820136
3.27655628660026
2.73536664262673
2.40743597407531
3.85964675688527
2.65832249126342
3.9674123651917
2.97577963347208
4.01275696736894
2.51347453138362
2.35667704448464
2.12775402687293
3.85625873452821
4.29309076104493
0.956017413286527
3.01962940467108
1.98692036999163
5.11497623154283
2.87125250148864
4.14827351121975
2.50392152604012
1.82709787485436
2.87769174876217
0.969467233254807
2.44262877644956
2.52158050098108
3.84035002925754
2.66850099784773
1.85965897317888
3.83572575904834
2.80048605578663
3.01626186029368
0.762264289064738
2.53544837464444
3.48988404454626
3.85434261970251
4.37603358649385
3.36979681547028
3.97148193501512
4.5274497022072
3.65352100782859
2.16134653278132
2.89495703165547
2.99814667549542
3.18500635491091
2.49888559526306
2.87674220436265
3.49008096540907
2.71376238005627
4.28242947768505
3.29865207074045
3.05870730193363
3.00994328122136
3.24515990918699
3.12320412414288
3.05837869924718
3.99890372232653
3.23996764210653
3.16920124513574
2.52279472053655
3.87827771387846
3.62477187997587
2.39305248149812
2.38820910490868
3.324869161888
3.37995979823675
1.75373847418311
2.89651173936155
3.52465052554961
2.28217408231623
2.4227673991869
0.824653141097462
1.05775623337744
3.58201002195898
2.98855346956115
1.43604662540016
2.00920816782393
2.46006369120173
2.4429524392945
2.79276820075419
3.04998931108284
3.70990647161947
2.53363844168364
2.45475265124732
1.26194817065963
5.35413772626838
2.85397945232417
1.99644945511482
2.64053538696679
3.17727639356814
4.29392567887263
1.71354381090952
2.81006012155788
4.48892187720965
2.68728099380969
3.36621836203614
-0.905548239320054
-0.629819009223943
-0.12061213923228
-0.14107026645056
2.44457723195091
0.976870040162383
-1.18505854533767
-2.24467844972004
-0.776059430079541
0.772828889747319
-0.673688759657808
0.55985560573852
-0.620914827196065
0.418388113965874
0.829176265520802
0.942089704486299
-0.0331372017932701
-0.212648314911584
-0.751997372990784
1.29959437532023
-1.634968584212
-0.263542204141535
1.47481395808863
-1.03532535944494
0.538474021818187
0.956125822764503
-1.11864630631875
-0.221450190920828
0.795087590868687
0.209188892714766
0.197063884216623
0.378478554176992
0.485975102319943
0.580475890713822
0.145013031345075
0.0430139923344472
-0.649719215816787
0.718893922424659
-0.243631315925202
0.374050121066026
-1.45005729595262
-0.334035287022568
0.909544674209503
0.364470375894043
1.04508196309086
-0.749621323955071
0.928107071992862
-0.585700366211014
-1.23743562767829
-0.534293564933369
-0.911245922214742
-0.284749240910584
-0.664263336053009
-0.575673657069167
1.81015521658099
0.920616046022906
-0.578379302492624
0.612266516963624
0.90017978604902
0.620776381774019
0.243158918192402
-0.0671563802689954
-1.85076662761624
0.409845864464213
2.07856709547552
-0.57759405259355
-0.243756709058638
-1.98216843782218
-0.75440060883935
-1.41036532157524
-0.199326339950546
-1.81994486337359
-0.286965968224658
-0.232718287425105
-1.68067045177064
0.732615330080467
1.43176452317382
-0.29573144514668
-0.013457300539845
0.142768471054265
0.792900473020813
2.49717472378496
-0.317537106349699
-0.463409664709057
0.0611150892956722
-1.77669655390078
-0.505071981162445
0.267211262427307
0.0082701739128578
-0.579561938256761
-1.38588890414153
-0.712283626543996
0.841823757056849
1.76047184947849
0.837003118521639
-0.995099556511228
1.3300776394176
-0.158866653785022
0.122876417838631
-1.3396470418151
